index DETECT_ID RA DEC
39471 acisfJ0535329m691615_001.0216 84.08525628870173 -69.21750236632882
111985 acisfJ1452122p430128_001.0026 223.0805247951548 43.10190312627843
86471 acisfJ1224254p071801_001.0007 186.10983791116607 7.240075658526009
2139 acisfJ0025384m122430_001.0190 6.308541762212714 -12.437158640334177
12258 acisfJ0128305p630647_001.0009 22.175909565986025 63.14042643500791
21733 acisfJ0259013p133237_001.0012 44.833965922052194 13.503377310720015
10775 acisfJ0109587m455621_001.0022 17.447016288606033 -45.8911709750494
27521 acisfJ0340117m183413_001.0033 55.04031872559263 -18.598134736290366
49676 acisfJ0808511p521546_001.0004 122.20607154588923 52.254272553877215
17868 acisfJ0225395p620537_001.0038 36.29023340839196 62.04429181851627
122915 acisfJ1640322m462336_001.0019 250.07921451621758 -46.397043091901146
36343 acisfJ0522226m675420_001.0001 80.97197074258328 -67.95892794747608
101175 acisfJ1339563m313908_001.0016 204.8372981914851 -31.667838704796296
133694 acisfJ1745179m284015_001.0010 266.2758151991656 -28.710533378150124
19187 acisfJ0229356p004200_001.0041 37.379850520929324 0.7502653848525918
51361 acisfJ0836150m262450_001.0023 129.034079745459 -26.343251109410552
63557 acisfJ1006354m295611_001.0031 151.58756011438453 -29.8327523863433
119300 acisfJ1615495m061210_001.0045 243.85194568388533 -6.15118921988696
83117 acisfJ1206270p641327_001.0022 181.64068754372948 64.2535226606074
76956 acisfJ1115263p180652_001.0033 168.92100281351736 18.128497989442142
105493 acisfJ1415232p520812_001.0034 213.82048367318848 52.120144172954845
113423 acisfJ1506559m621913_001.0013 226.5283557594682 -62.36971532394626
36321 acisfJ0523401m140305_001.0021 80.8587190525919 -14.057092065477994
121251 acisfJ1627415m385044_001.0001 246.92468197161818 -38.89034852267184
84292 acisfJ1216365p692818_001.0002 184.26175674599952 69.39684688537196
112116 acisfJ1452501p580231_001.0027 223.3052462584866 58.02412768987337
134210 acisfJ1746147m282023_001.0026 266.49063086292284 -28.331734733343904
47049 acisfJ0717442p374550_001.0034 109.50917502976357 37.78784475193618
53905 acisfJ0902314p520403_001.0019 135.65577993483458 52.08570975016738
50370 acisfJ0820234p212126_001.0033 125.06067846839666 21.30888652663933
116426 acisfJ1547336m375530_001.0012 236.79973029096314 -37.929150668200464
124364 acisfJ1654142m414953_001.1419 253.49415300392465 -41.804774412845866
64632 acisfJ1019531p453259_001.0036 154.97642352310984 45.580057020862675
60050 acisfJ1000169m301516_001.0016 149.97522211105118 -30.251167791880608
125575 acisfJ1655595m495741_001.0011 254.04906890687175 -50.046733024507624
103199 acisfJ1357428m394301_001.0003 209.41855427076646 -39.59534261135376
10449 acisfJ0107473m173032_001.0014 16.835651316420343 -17.532777859845204
102727 acisfJ1354086m022420_001.0048 208.43877924715505 -2.3851329063864037
25664 acisfJ0333056m274108_001.0036 53.21613141762513 -27.708207696950222
135845 acisfJ1750377m294957_001.0015 267.6727618444137 -29.78186877422083
36544 acisfJ0526480p425705_001.0070 81.81906317772865 42.900435241780016
103059 acisfJ1356453p102608_001.0060 209.17758026978487 10.523960557203388
57563 acisfJ0950094p141929_001.0034 147.5492219218403 14.267500627030689
30303 acisfJ0416104m240125_001.0024 63.99345728871551 -24.00861916267265
3487 acisfJ0039173p032034_001.0201 9.872806740601971 3.351760485646109
131228 acisfJ1735420m362114_001.0005 263.9419780645791 -36.32818182938573
34656 acisfJ0508579m534220_001.0035 77.16178970330637 -53.60447822198273
26970 acisfJ0338190m352538_001.0051 54.66080511904688 -35.45774944143095
263 acisfJ0002547m354600_001.0110 0.7356233118391718 -35.8945463413458
93185 acisfJ1250505p410713_001.0128 192.73006633988027 41.14200909663562
109690 acisfJ1431398p361757_001.0108 218.16594945227956 36.30243857529451
46778 acisfJ0716338m291924_001.0028 109.127691514212 -29.309842107633713
43463 acisfJ0627223m471102_001.0007 96.89378691532531 -47.11292548689119
33605 acisfJ0454025p025034_001.0250 73.5063012997556 2.972480960970222
66831 acisfJ1034364p573713_001.0023 158.741324206554 57.632342714703626
105593 acisfJ1415446p112958_001.0051 213.92853469244395 11.52354027215343
1301 acisfJ0015317p171827_001.0001 3.850314874600785 17.233666259040938
28408 acisfJ0345027m060224_001.0011 56.23058777597518 -6.030779633757493
84073 acisfJ1216096p263100_001.0058 183.92269921123153 26.6296901644565
101311 acisfJ1339569m313746_001.0043 204.99111055509763 -31.60948039078778
5906 acisfJ0047265m081115_001.0032 11.904155267113067 -8.08990514575809
58165 acisfJ0957482p023714_001.0012 149.3870513352967 2.602336557177637
79970 acisfJ1143458p462158_001.0098 176.01776968642986 46.41716741336186
112825 acisfJ1500488p475122_001.0001 225.18622859915112 47.81643281702381
88839 acisfJ1229396p075350_001.0006 187.44918584720463 7.866667668804226
62618 acisfJ1002384p020202_001.0019 150.62538331120555 2.036028348454888
116558 acisfJ1549550p624145_001.0047 237.2900594337695 62.706425260177376
17443 acisfJ0222299p421926_001.0048 35.63430577263897 42.34615408982978
20224 acisfJ0237551m522656_001.0015 39.55519689502873 -52.53111969428614
130017 acisfJ1725354m342336_001.0063 261.40241851290665 -34.42958265266519
61599 acisfJ1001154p555259_001.0009 150.34514624071988 55.92405678018424
83636 acisfJ1211085p502509_001.0019 182.84480967813096 50.41089521488404
13939 acisfJ0144297p170557_001.0019 26.163450115726157 17.07837722087718
44442 acisfJ0634172p042748_001.0074 98.53232972648459 4.535308141066455
84863 acisfJ1220015p291707_001.0186 185.00248655894595 29.30236633742889
55106 acisfJ0913408p405834_001.0056 138.42097309036814 40.83754402859972
105127 acisfJ1413141m620349_001.0007 213.1652745172003 -62.01021202841613
121303 acisfJ1628268m241716_001.0004 247.05509654011314 -24.338253897860106
25745 acisfJ0333018m245918_001.0026 53.30027355326206 -24.96976810115631
43361 acisfJ0626077m540455_001.0010 96.63368185970319 -54.104056716247115
89522 acisfJ1229488p080213_001.0623 187.6438538635046 8.09072093117596
46646 acisfJ0712082p593259_001.0017 108.06054905954834 59.542640866046334
37674 acisfJ0534448m053346_001.0375 83.76684519323695 -5.681025989153451
124550 acisfJ1654142m414953_001.0534 253.52124411248545 -41.835279637001996
118628 acisfJ1610278p130758_001.0004 242.56875908539288 13.143153230511864
40800 acisfJ0546441p000344_001.0161 86.71378011593853 0.15210244460884306
136952 acisfJ1756474m274349_001.0002 269.20283667670594 -27.70039400522889
81111 acisfJ1151063m284913_001.0067 177.7787928203969 -28.810809983111685
37704 acisfJ0535193m044814_001.0101 83.77001313224557 -4.785866184293977
85489 acisfJ1220060p291737_001.0213 185.0589763369749 29.228923160910632
72971 acisfJ1048253m250944_001.0130 162.09610182999555 -25.179562339157133
38282 acisfJ0535165m052323_001.2671 83.81504431374489 -5.400801160816732
53553 acisfJ0859271m434510_001.0114 134.8525146687429 -43.74860405864362
70063 acisfJ1043559m593241_001.0855 161.18475178113025 -59.492890281994015
43667 acisfJ0631564p045625_001.0187 97.93714867449802 4.933397984366591
117910 acisfJ1604196p431014_001.0034 241.00534623017205 43.23088043780177
123799 acisfJ1648332m460645_001.0004 252.28467952661185 -46.16320529037896
42617 acisfJ0616209m212224_001.0028 94.07055239556065 -21.375849334603387
125013 acisfJ1654142m414953_001.0761 253.5796707639757 -41.80796252729883
133836 acisfJ1745179m284015_001.0019 266.33903074624385 -28.68302323870685
125983 acisfJ1702070m295634_001.0043 255.4916969102069 -29.919395668056683
100798 acisfJ1337308p085622_001.0045 204.34551692642967 8.920273468623927
15332 acisfJ0159161p003322_001.0005 29.772392267573586 0.5317143712211159
107007 acisfJ1423029m393036_001.0041 215.7433026468781 -39.55248732824867
51055 acisfJ0829510p660407_001.0012 127.65700971042412 66.06092655590218
136371 acisfJ1754412m294916_001.0592 268.625413378185 -29.9344001429457
34562 acisfJ0506228m315729_001.0012 76.6331015596122 -31.975049016016428
37935 acisfJ0535165m052323_001.3281 83.7950137485681 -5.363504227295388
2698 acisfJ0033448m432130_001.0023 8.442702130466976 -43.3288110184842
31262 acisfJ0426566p244351_001.0002 66.76060623181824 24.725625445682354
122037 acisfJ1636379m465938_001.0009 249.09987207460165 -47.02639099632382
115926 acisfJ1539161p032339_001.0006 234.8779697904336 3.396255687457841
93482 acisfJ1253075m091109_001.0035 193.29422177329093 -9.20590714033072
100257 acisfJ1335360p372908_001.0018 203.8926886730547 37.49493704412643
26107 acisfJ0336068m403914_001.0001 53.93847994660969 -40.77439218967585
97172 acisfJ1319034m205946_001.0055 199.90833112727967 -20.98849138027239
46155 acisfJ0658351m555811_001.0025 104.74289927825896 -56.00497300061662
113043 acisfJ1501107p014321_001.0149 225.3301979445999 1.7639954484081464
6726 acisfJ0052448m263517_001.0044 13.238356600773233 -26.513607833387148
40496 acisfJ0546033m000834_001.0033 86.52396702987227 -0.044329674138649494
120749 acisfJ1623345m263255_001.0192 245.96742281650765 -26.551792078782345
134809 acisfJ1747323m282503_001.0050 266.83442692842584 -28.377255741917768
7611 acisfJ0057502p302038_001.0014 14.463368567424107 30.348751722423504
124725 acisfJ1654142m414953_001.0993 253.54412517787208 -41.77585773143251
14415 acisfJ0151337m595708_001.0059 27.93046249608184 -59.956388781576734
109357 acisfJ1432310p333230_001.0085 217.94891328810712 33.516743532646814
59328 acisfJ0959110p024622_001.0023 149.77543098853755 2.803788277130783
8877 acisfJ0102337m213326_001.0041 15.610520322168966 -21.647323393648325
98895 acisfJ1330038p471057_001.0101 202.3948717438988 47.18277552078202
116593 acisfJ1549160m260107_001.0014 237.3790110506278 -26.019423110296643
20836 acisfJ0243263p372106_001.0004 40.879500531770745 37.286515443649286
126698 acisfJ1712213m382926_001.0244 258.0654609218354 -38.474518404833674
70202 acisfJ1045037m594052_001.0089 161.20166403205164 -59.68716612579423
65741 acisfJ1025010p170745_001.0008 156.2001939718015 17.06906179164967
118045 acisfJ1604491p235559_001.0004 241.2109058156963 23.881093754565015
21428 acisfJ0257164m232328_001.0012 44.26168728338407 -23.37507628230532
30008 acisfJ0414246m584951_001.0037 63.56976339799747 -58.77535183305962
120 acisfJ0001064m250029_001.0036 0.3751672093810045 -24.9365806353995
81504 acisfJ1155058p233000_001.0134 178.7381954535317 23.590922793087795
55365 acisfJ0916006p293148_001.0012 139.102892158856 29.52202426258306
106468 acisfJ1419485p470851_001.0002 215.03579420753871 47.12495714870097
126094 acisfJ1702496m484657_001.0041 255.59563500888822 -48.5863433714248
53364 acisfJ0859206m473014_001.0524 134.7832180010782 -47.52291539619067
630 acisfJ0009364m321626_001.0045 2.49690915444413 -32.25989571543356
61976 acisfJ1000592p020218_001.0150 150.44355881341437 2.0490321362484116
55307 acisfJ0916142p295339_001.0021 138.99899373435437 29.878624903030218
60417 acisfJ1000169m301516_001.0013 150.05466240056938 -30.25867772137833
82253 acisfJ1200237m010617_001.0016 180.12845625676113 -1.091290875278951
99036 acisfJ1330038p471057_001.0116 202.45808657249214 47.189026520097
7539 acisfJ0057387m273327_001.0010 14.371824003207584 -27.51199857042782
3890 acisfJ0041408m092027_001.0017 10.469409817157947 -9.370300474747307
132631 acisfJ1741520m274714_001.0003 265.5258528057328 -27.86248606188511
123725 acisfJ1648333p601745_001.0022 252.01917623506253 60.32207692417917
22451 acisfJ0305275p034959_001.0034 46.39663040436142 3.8970173374034216
62231 acisfJ1002039p013918_001.0004 150.49918602043752 1.5755149084136293
108829 acisfJ1429163p335705_001.0067 217.34679331742947 33.93732626833578
19970 acisfJ0236389p593856_001.0086 39.06966993166883 59.66572374771616
90668 acisfJ1236205p260118_001.0061 189.04536223889934 26.013143456752932
67545 acisfJ1040401p395807_001.0032 160.2069581771061 39.88302010270616
107356 acisfJ1425376p353552_001.0048 216.22848015022706 35.57521589103266
21065 acisfJ0248076m033216_001.0019 42.042574189522156 -3.5056145852053344
20168 acisfJ0237254m263241_001.0008 39.29110308851276 -26.543324649757047
76258 acisfJ1111516m611830_001.0200 168.05599809919306 -61.28255361801693
96425 acisfJ1313055m193143_001.0025 198.25629632219074 -19.512946378963736
80037 acisfJ1144360p194531_001.0012 176.1126857941203 19.746594051713455
48445 acisfJ0741516m144409_001.0091 115.4420850363987 -14.743681969624467
119853 acisfJ1619479p051001_001.0008 244.98776774086764 5.159033490222773
132042 acisfJ1740408m534121_001.0043 265.1762200448183 -53.67464923128523
5339 acisfJ0044240p023223_001.0012 11.097001313298561 2.5278430608059352
55373 acisfJ0916142p295339_001.0028 139.15637363315213 29.928631750283916
7998 acisfJ0100089m334203_001.0193 15.067933013725362 -33.722980048667225
41926 acisfJ0607506m062250_001.0252 91.95275828358605 -6.322121762722591
129930 acisfJ1725497m353325_001.0009 261.3867977855359 -35.49206082504631
126164 acisfJ1702479m484755_001.0087 255.6897883366536 -48.790167962471656
125450 acisfJ1654554m440253_001.0022 253.66665242724335 -44.03230147918293
10425 acisfJ0106486p594027_001.0011 16.788010729443474 59.79809284815631
56863 acisfJ0940314p311332_001.0002 145.1774379524932 31.182608852591397
56873 acisfJ0940314p311332_001.0004 145.19352897661634 31.20858805673513
106612 acisfJ1420441p394123_001.0011 215.1581510764687 39.67819200511842
51107 acisfJ0830543p191347_001.0004 127.77548884818243 19.186654066538058
57586 acisfJ0950138p580143_001.0005 147.58649461206727 57.98940290940772
71389 acisfJ1045523m595714_001.0057 161.4447041085273 -60.00475091155758
60670 acisfJ1000026p023344_001.0013 150.10359263875984 2.550709539872041
54281 acisfJ0908048m092352_001.0011 137.02151730546643 -9.36153202605759
20453 acisfJ0240225p390219_001.0239 40.1022486460302 38.91752827914762
577 acisfJ0009364m321626_001.0048 2.409604866655759 -32.2191154987853
56552 acisfJ0934530p170238_001.0024 143.69314509739877 17.045580796102346
9190 acisfJ0102578m215342_001.0097 15.713083645694658 -21.856830433412377
69826 acisfJ1044493m602600_001.0016 161.15615529150492 -60.45832906532809
95989 acisfJ1311247p220554_001.0039 197.8956895038693 22.158547324891806
122472 acisfJ1639316p534659_001.0022 249.7990400322023 53.68060066002705
17631 acisfJ0224067m041228_001.0025 36.0079035334624 -4.223712808763357
116003 acisfJ1540046m031730_001.0037 234.98322330290534 -3.2478168279781845
106762 acisfJ1421328p531328_001.0033 215.28493470054877 53.19222095280281
115483 acisfJ1532211p240133_001.0001 232.99963583704528 23.98707127981198
68411 acisfJ1043556m595939_001.0001 160.96779065383868 -60.11785690737296
117196 acisfJ1556030p662334_001.0025 238.91969666916353 66.3739196241643
28015 acisfJ0344298p320840_001.0063 56.017008257437396 32.12125056419927
7726 acisfJ0058227p265206_001.0065 14.61665876384097 26.934785060071174
17095 acisfJ0219209m025854_001.0049 34.91606980721578 -3.0082572777546326
99322 acisfJ1329570p471038_001.0111 202.51671913826664 47.17039738449397
17691 acisfJ0224129p275004_001.0005 36.076214157637274 27.824821911685177
50602 acisfJ0821322p212126_001.0025 125.4610460915991 21.27553796843445
76128 acisfJ1111516m611830_001.0202 168.0022617104318 -61.2820058989612
68939 acisfJ1043556m595939_001.0269 161.0270486976313 -59.97563645401343
48881 acisfJ0747267m191819_001.0019 116.82860879271581 -19.387652613664226
121716 acisfJ1634189m474309_001.0047 248.57380490895991 -47.82056378788591
126161 acisfJ1702496m484657_001.0013 255.68745554483667 -48.804623753902376
104859 acisfJ1407314m265952_001.0037 212.11213057038574 -26.975263639899094
11109 acisfJ0113314m723238_001.0079 18.23139733748642 -72.44021211562465
12478 acisfJ0131477p333638_001.0013 22.883522185311797 33.57527994029862
49701 acisfJ0808589p204728_001.0026 122.24821662149317 20.864242144513437
30730 acisfJ0417361m475105_001.0012 64.57655082132258 -47.872102743518674
20897 acisfJ0245409m530506_001.0038 41.26981952720165 -53.093632113156154
132242 acisfJ1740461m534038_001.0295 265.24867639005424 -53.67745573231793
104918 acisfJ1410373m431908_001.0054 212.53510502187862 -43.44110599912808
132960 acisfJ1743518m291114_001.0193 265.90972993304854 -29.14111034192815
12426 acisfJ0131210p062342_001.0017 22.780886570627153 6.473994412021991
6463 acisfJ0050430m731625_001.0025 12.762137730145724 -73.26400964396623
37661 acisfJ0535165m052323_001.2747 83.76485029939434 -5.490569164385744
132998 acisfJ1743518m291114_001.0191 265.931481860556 -29.1647918887681
54755 acisfJ0910397p541958_001.0048 137.7826841668665 54.306672085866936
10605 acisfJ0108079m143154_001.0076 17.0620174450219 -14.450797471924105
45585 acisfJ0647518p701808_001.0006 102.04869175309234 70.26956252918225
39106 acisfJ0535165m052323_001.0081 83.87457097693965 -5.482920531848571
44617 acisfJ0637335m482629_001.0009 99.2420656626042 -48.44150489102738
59220 acisfJ0958597p021353_001.0012 149.73897264783693 2.2206744211653606
102206 acisfJ1349090p040503_001.0023 207.33034900724817 4.019663378721223
55058 acisfJ0913396m101932_001.0006 138.37062455689951 -10.31527392369352
19705 acisfJ0233042m525905_001.0017 38.24285308212585 -53.004657370496744
2448 acisfJ0027595p003021_001.0002 6.9869441673228385 0.513407755350305
54047 acisfJ0905087p074208_001.0010 136.2869330642849 7.697404259346772
53223 acisfJ0859206m473014_001.0558 134.7544968069157 -47.502443834184255
38957 acisfJ0535165m052323_001.0425 83.85576731088557 -5.395998481393477
104162 acisfJ1402596p542251_001.0453 210.8096489385164 54.30173742369035
83881 acisfJ1214592p331213_001.0024 183.76269082160044 33.199080569604526
76832 acisfJ1114489p550054_001.0013 168.71283021428647 55.0328621526042
45888 acisfJ0655131p540852_001.0035 103.66697488142793 54.10768758041032
47421 acisfJ0718440m245718_001.0427 109.80842683587812 -24.982564293560234
111793 acisfJ1450570p353426_001.0012 222.70178246598934 35.554933482807726
73527 acisfJ1049595p330047_001.0010 162.46965820249434 32.98414852992192
13425 acisfJ0136403p154817_001.0036 24.18386360385 15.805211423790828
89846 acisfJ1232475p134948_001.0007 188.194889399389 13.880079264093773
79436 acisfJ1137311p300014_001.0002 174.38811090697507 29.97432942363571
131858 acisfJ1740027p685919_001.0083 265.11189822374064 69.06478950707468
134260 acisfJ1745531m291331_001.0056 266.50938199722106 -29.17764832272492
114927 acisfJ1520428m571001_001.0207 230.06123200432472 -57.15519204782182
122799 acisfJ1639450m462352_001.0051 250.02882569560083 -46.48717145499049
27487 acisfJ0340117m183413_001.0001 55.02810626821241 -18.657415715377038
48886 acisfJ0747286m191639_001.0009 116.84504171129429 -19.306327239679394
25795 acisfJ0333056m274108_001.0108 53.35090802878025 -27.582085274182983
50946 acisfJ0827432p212957_001.0008 126.98728206489717 21.44184174360533
82439 acisfJ1201548m185204_001.0213 180.4338922765118 -18.933983045416685
25595 acisfJ0331499m275714_001.0340 53.065743310245665 -28.024508820451793
68833 acisfJ1043556m595939_001.0441 161.01087960222938 -60.018228135156704
14110 acisfJ0147361p021945_001.0038 26.803707383895258 2.3741825919397384
27724 acisfJ0340592m282557_001.0025 55.229339344220094 -28.410110707012574
118259 acisfJ1606367p813019_001.0007 241.69312587843473 81.53075312776056
56330 acisfJ0932063p365757_001.0003 143.00113972498514 36.967520068961804
114832 acisfJ1517107p033113_001.0021 229.3607056106245 3.4559826241130662
15206 acisfJ0158351m245956_001.0028 29.588508974831196 -24.98997338538626
57446 acisfJ0948550m131144_001.0003 147.21924797183732 -13.252980433148622
55753 acisfJ0920228p302654_001.0013 140.1216232959652 30.411122153225335
117525 acisfJ1558226m140844_001.0027 239.65673326851868 -14.20697311434872
28024 acisfJ0344298p320840_001.0252 56.02503536395787 32.24802689347218
30067 acisfJ0414384p053504_001.0135 63.63499026781223 5.653431390652137
136323 acisfJ1754412m294916_001.0750 268.59857488753903 -29.88615674392979
4154 acisfJ0042392p405522_001.0011 10.592565650915654 40.99014455354648
16819 acisfJ0218593p570702_001.0533 34.79716559292194 57.1646514800893
119511 acisfJ1617010m225925_001.0043 244.1965239872217 -22.927009939386224
41262 acisfJ0553329m334312_001.0015 88.46260536409228 -33.64107411258026
24728 acisfJ0327188m532936_001.0015 51.86736829261507 -53.51857272644029
63528 acisfJ1006061m335312_001.0001 151.50427663246748 -33.91856528013722
44108 acisfJ0631527p045544_001.0304 98.04349910759812 4.966678091906726
1878 acisfJ0021269m083853_001.0016 5.310406061900913 -8.60094304402407
104700 acisfJ1406122p222752_001.0014 211.58807114747225 22.500515340868436
92442 acisfJ1245499p010439_001.0002 191.49376604121113 1.041389096034909
118720 acisfJ1610262p544534_001.0007 242.74829298401386 54.71934173026079
135847 acisfJ1750377m294957_001.0006 267.67350707299227 -29.854656475087477
5088 acisfJ0044100m203457_001.0027 10.903143652005328 -20.618560951835487
47271 acisfJ0718440m245718_001.0310 109.68090725689635 -24.931822627743056
42793 acisfJ0616437m394835_001.0004 94.18053951793118 -39.85895738600136
102120 acisfJ1348514p492018_001.0011 207.206918310739 49.37007062614955
101518 acisfJ1342136p602132_001.0004 205.54759290427165 60.392460514405435
30058 acisfJ0414376p053407_001.0022 63.62828925231392 5.562012818597946
102159 acisfJ1348468p263210_001.0003 207.26997348186418 26.4997711181347
67450 acisfJ1040401p395807_001.0043 160.0665140136571 39.963091782443634
122118 acisfJ1636472p410135_001.0059 249.2095004845109 41.007427360528666
41769 acisfJ0607506m062250_001.0393 91.92547136832678 -6.390160529270485
32772 acisfJ0441531m580118_001.0003 70.441283608847 -58.06437268604748
101831 acisfJ1346512p392414_001.0012 206.7504628525974 39.427861311068725
89712 acisfJ1231229p254432_001.0001 187.86729994889396 25.66043873291825
117070 acisfJ1552072p201344_001.0019 238.06566760045627 20.36057435423035
104928 acisfJ1410373m431908_001.0034 212.55183325757514 -43.32277995357482
92110 acisfJ1243161p131426_001.0035 190.782833743711 13.185371664095504
88785 acisfJ1229488p080213_001.0706 187.44529129488643 7.999396190313151
135251 acisfJ1748149m302938_001.0010 267.1045187417077 -30.54482313094615
60528 acisfJ1000109p024058_001.0056 150.07161768116634 2.7562474747005976
123437 acisfJ1647081m455044_001.0357 251.65118102419845 -45.797567737720975
5027 acisfJ0043263p410747_001.0115 10.848736899379928 41.0743622599786
61355 acisfJ1001292p015934_001.0028 150.28561687941303 2.0144843755079647
111812 acisfJ1450594m000243_001.0020 222.73824628888434 -0.005068100084949357
18864 acisfJ0227174p613729_001.0021 36.817295069572296 61.62188291624437
67974 acisfJ1043172m590933_001.0147 160.89235968490652 -59.09455457666102
94373 acisfJ1258451m014338_001.0032 194.74482000451349 -1.7026120540198013
17173 acisfJ0219383p342254_001.0119 34.989485228184726 34.475106345116714
49027 acisfJ0751110p500835_001.0006 117.71377573591862 50.081100920372975
26225 acisfJ0336463m360011_001.0059 54.143889963982325 -35.792397144185806
137010 acisfJ1756389p662650_001.0033 269.2988298456635 66.4639438288569
8434 acisfJ0101512m713608_001.0007 15.405305995966517 -71.57652234101907
9161 acisfJ0102571m220812_001.0049 15.701005091661907 -22.122715603933635
41261 acisfJ0553178m334219_001.0043 88.46221427378515 -33.64097753669472
88724 acisfJ1229488p080213_001.0410 187.4414396454844 7.98798058120575
84393 acisfJ1217531p583944_001.0002 184.55624961482513 58.61403988740108
129734 acisfJ1724433m341212_001.0228 261.2375625400941 -34.195598151677515
1198 acisfJ0014561m494944_001.0018 3.744958267998174 -49.867740382610414
90997 acisfJ1238072m682228_001.0066 189.28097804438474 -68.41228939825938
23556 acisfJ0317147m410840_001.0059 49.32349020191273 -41.10453311082526
23177 acisfJ0311161m172215_001.0001 47.940045579972114 -17.456836349384677
69599 acisfJ1044406m592139_001.0108 161.12618941755483 -59.39535724245337
43053 acisfJ0621489m271302_001.0066 95.38365357608335 -27.165151387296675
56505 acisfJ0934012m623125_001.0020 143.5048357299847 -62.507666766260456
45202 acisfJ0641125p092932_001.0226 100.36711413768944 9.547184614558503
2120 acisfJ0024259m015841_001.0012 6.161557631597474 -1.9703614237993223
18999 acisfJ0227433p281340_001.0005 36.943343642369605 28.220983714779113
67075 acisfJ1037366m584117_001.0172 159.3432092952786 -58.60021696194976
45197 acisfJ0641125p092932_001.0091 100.36257887461733 9.50364551354921
28141 acisfJ0344298p320840_001.0143 56.1027397794794 32.17076859024395
11014 acisfJ0111104m724351_001.0076 18.0541534154216 -72.69512151096276
63211 acisfJ1003433p001326_001.0003 151.01018271136002 0.09781823081334504
100770 acisfJ1337308p085622_001.0063 204.31831796696562 8.986708573393255
68021 acisfJ1043559m593241_001.0270 160.90360863230018 -59.5677773215919
117911 acisfJ1604196p431014_001.0018 241.00683929700315 43.16529163905196
41187 acisfJ0552446m210653_001.0001 88.19784103502597 -21.160133905382306
43067 acisfJ0621489m271302_001.0010 95.4135568569253 -27.26474638689411
45627 acisfJ0649055m043406_001.0017 102.28267340691558 -4.519692285848567
29985 acisfJ0413487m320038_001.0008 63.45709839746954 -32.006906920993636
1567 acisfJ0020169p591803_001.0030 4.790709645155596 59.335049045827624
11477 acisfJ0117189m545738_001.0002 19.269898971985608 -54.97960374422597
69023 acisfJ1043559m593241_001.0027 161.03866246165256 -59.62180133405222
11653 acisfJ0120021p142131_001.0013 20.05843426829279 14.421221927326451
128864 acisfJ1720398p322821_001.0010 260.2172866908476 32.48730649687212
120063 acisfJ1620420m504014_001.0201 245.14691169227183 -50.68052808640084
122938 acisfJ1639586m485154_001.0264 250.086188899052 -48.905001437508545
111635 acisfJ1449328m101011_001.0060 222.4120582746088 -10.192445851356375
120774 acisfJ1624163p411650_001.0011 246.06485656013373 41.29103050148032
83963 acisfJ1215276p361915_001.0030 183.83720267759847 36.36490761859463
33826 acisfJ0454127m025854_001.0003 73.57625657966939 -3.0427375460133947
35638 acisfJ0522499p332815_001.1638 80.66246549666045 33.3745052201108
74395 acisfJ1101180m773244_001.0006 165.1453218351131 -77.54649187317035
81807 acisfJ1157156p600317_001.0017 179.33719443960038 60.15158794893171
96189 acisfJ1312153m624155_001.0359 198.07456071070274 -62.651356417742946
118085 acisfJ1604366p501007_001.0009 241.2991899274561 50.15561574319882
132551 acisfJ1741520m274714_001.0007 265.45563114219453 -27.81801167063691
35963 acisfJ0522499p332815_001.0505 80.72376516341707 33.485711286852364
118146 acisfJ1606167p543333_001.0003 241.48450110996518 54.62298809935256
76739 acisfJ1113225m264518_001.0006 168.42913310034405 -26.80481733450278
66407 acisfJ1033202p573715_001.0047 158.1826906496342 57.599592661509355
18764 acisfJ0227061p615213_001.0041 36.76391450771865 61.86987115819441
121950 acisfJ1635515m473550_001.0016 248.97237091092762 -47.54179571994343
76742 acisfJ1113511p401755_001.0003 168.44203720267635 40.25067314793116
64348 acisfJ1017243m462329_001.0014 154.37705166244936 -46.4117858263615
6775 acisfJ0052458m724208_001.0042 13.381359747735416 -72.80922565450196
116438 acisfJ1547336m375530_001.0017 236.85905473022115 -37.89109630058409
38126 acisfJ0534448m053346_001.0126 83.80706241712 -5.479768760965245
108757 acisfJ1429208p343730_001.0042 217.3179951979981 34.696429709262915
98333 acisfJ1326319p290135_001.0020 201.5700808704629 29.03441068893607
114652 acisfJ1515059m192439_001.0071 228.8425709629022 -19.45640759728328
36925 acisfJ0532254m112946_001.0027 83.05003951088564 -11.520902110641813
3478 acisfJ0039173p032034_001.0258 9.866495638015143 3.3148062410163264
70815 acisfJ1044406m592139_001.0993 161.28603937306002 -59.47412717625723
65257 acisfJ1023578m574530_001.0238 155.997134387794 -57.76265523346179
45541 acisfJ0645235p212207_001.0001 101.35823234280329 21.28599521106615
66507 acisfJ1034003p572815_001.0047 158.33031690254882 57.590251795853895
14733 acisfJ0152491m135621_001.0023 28.25489374615837 -13.952966859837904
32061 acisfJ0437043p293937_001.0027 69.20867845300995 29.587274416725233
14577 acisfJ0152482p005753_001.0035 28.206293938921625 0.9916325077225921
86598 acisfJ1224254p071801_001.0112 186.12193342821274 7.31086895983513
57571 acisfJ0950098p280059_001.0007 147.5591957317385 28.06159401706185
66593 acisfJ1034003p572815_001.0019 158.46089947374065 57.498219329965785
67584 acisfJ1040318m594953_001.0082 160.30768244869233 -59.84414519831675
54859 acisfJ0911256p600230_001.0040 137.9100459299333 60.036662544619965
132846 acisfJ1743272m292014_001.0010 265.81304854954516 -29.313391299640454
88750 acisfJ1229467p080030_001.0968 187.44296977388132 7.997831419515744
120938 acisfJ1625544m444309_001.0007 246.5269987001447 -44.72248214299572
96494 acisfJ1313055m193143_001.0138 198.3815116756661 -19.541307255219603
103741 acisfJ1402024m101931_001.0037 210.54572126919751 -10.448350995937727
91844 acisfJ1242017p113832_001.0009 190.56977307324289 11.617552667490797
98066 acisfJ1325296p291948_001.0018 201.38621107422463 29.26824127353945
114070 acisfJ1510172p055412_001.0005 227.50859489485512 5.968234209431538
48540 acisfJ0742158m144324_001.0101 115.56601391511848 -14.631541554857021
37079 acisfJ0533433m500223_001.0025 83.4284962496489 -50.012225460904595
32485 acisfJ0440366p502741_001.0018 70.07531352200584 50.43318094164574
49147 acisfJ0752226p273648_001.0006 118.06593778749857 27.554709173367417
21776 acisfJ0259588p364947_001.0055 44.9941586661187 36.82055482561596
33545 acisfJ0454136m101707_001.0030 73.49418137055545 -10.315044778440686
120103 acisfJ1620382m525319_001.0006 245.19839051558768 -52.93606124860743
64675 acisfJ1020362p253033_001.0004 155.1263808422493 25.465244364962878
10239 acisfJ0105039m061235_001.0016 16.28763488740571 -6.1134992362402825
1442 acisfJ0018208p300539_001.0009 4.5543729316242025 30.065175677274105
80291 acisfJ1146078p472918_001.0153 176.50835691739562 47.72843849450184
76296 acisfJ1112142m610324_001.0006 168.08140655130103 -61.0628479007159
46970 acisfJ0717248p374836_001.0023 109.40946934768074 37.78085707306481
117242 acisfJ1556288p661925_001.0044 238.96202787480885 66.35202246013974
101411 acisfJ1340347p401628_001.0014 205.1560947890831 40.24927956578871
115765 acisfJ1535301m503941_001.0019 233.87068874173286 -50.6036792559824
89553 acisfJ1230320p413645_001.0004 187.66780431300066 41.56574243211773
50879 acisfJ0826552p214132_001.0013 126.597177714766 21.62043859787634
63236 acisfJ1003598p423117_001.0006 151.0441829774705 42.53503257321199
18073 acisfJ0225395p620537_001.0343 36.40064348711956 62.05843087447882
134021 acisfJ1745459m283011_001.0120 266.4125074922308 -28.482290664789023
65436 acisfJ1023578m574530_001.0692 156.0147044782224 -57.671933594253375
58011 acisfJ0956237p694315_001.0002 148.92072105402406 69.65789527724881
10654 acisfJ0108508p131830_001.0021 17.18088153187314 13.351453837762854
3785 acisfJ0041462m090629_001.0013 10.4107783292314 -8.996004577376798
26440 acisfJ0337132m351318_001.0012 54.34317992069448 -35.25969419225319
124641 acisfJ1654554m440253_001.0128 253.53332890139376 -44.153095704894696
98830 acisfJ1328320m013115_001.0001 202.1487797968739 -1.5903598200126574
26359 acisfJ0337083m354351_001.0052 54.264362050871846 -35.74408520357442
105693 acisfJ1415232p520812_001.0006 214.03580960049158 52.04837080444657
99059 acisfJ1330038p471057_001.1067 202.46563751859753 47.19457705779599
76013 acisfJ1111516m611830_001.0129 167.97295869653456 -61.30505113230577
80481 acisfJ1147055m165105_001.0005 176.7751210033463 -16.86442464432685
116193 acisfJ1540495p661320_001.0089 235.44076147874955 66.17722234428366
27922 acisfJ0342549m533808_001.0013 55.77417132237381 -53.64316771055717
89006 acisfJ1229467p080030_001.0364 187.46170743672855 8.04603206073348
34105 acisfJ0454145m532106_001.0042 73.94515855070965 -53.28063841377797
77897 acisfJ1120120m134602_001.0002 170.09294961994968 -13.781652048257257
94841 acisfJ1301593p274612_001.0001 195.49171438995052 27.729639092241943
106068 acisfJ1418396m605841_001.0010 214.6335322830724 -60.996618470347585
73683 acisfJ1051368m211450_001.0001 162.87251576821802 -21.35279143891583
96885 acisfJ1316146p200255_001.0021 199.07412869691484 19.97417577640051
54794 acisfJ0912004m645211_001.0061 137.84074374383852 -64.94856861569492
115236 acisfJ1523165m570653_001.0028 230.92315930203486 -57.04795061368803
63562 acisfJ1006171p345221_001.0016 151.60165063648805 34.86132362442237
89961 acisfJ1234061p074258_001.0010 188.4517081746955 7.684943897527317
28881 acisfJ0355215p310306_001.0037 58.89942093715537 30.996912746636696
25612 acisfJ0331499m275714_001.0309 53.111910484062115 -27.68339823308394
134948 acisfJ1747223m281133_001.0083 266.8844682003372 -28.148746684546364
13580 acisfJ0137451m125345_001.0012 24.445002382937407 -12.919883487773623
27813 acisfJ0342165m352340_001.0039 55.57237293818721 -35.391446618731415
93348 acisfJ1253079m292853_001.0003 193.19524997755545 -29.605737752764114
5948 acisfJ0047344m251707_001.0131 11.936743603685233 -25.249041685763267
76002 acisfJ1111516m611830_001.0443 167.97105244891767 -61.30493707837526
116410 acisfJ1547079m474026_001.0015 236.63911642196373 -47.693386259054314
46213 acisfJ0659003m555413_001.0021 104.85526552490045 -55.86159337954023
126757 acisfJ1712213m382926_001.0048 258.09401893657383 -38.50239228977474
45241 acisfJ0642417m272650_001.0002 100.62358544818873 -27.48677686899595
20555 acisfJ0240225p390219_001.0024 40.134954093064074 39.01507132333996
102667 acisfJ1352257m662304_001.0035 208.2491427295616 -66.38041935407485
78397 acisfJ1123372p430608_001.0047 170.8867922815815 43.17829485480773
131990 acisfJ1740461m534038_001.0096 265.16215882255443 -53.66424620761541
96432 acisfJ1313055m193143_001.0121 198.2619313341755 -19.5822830268848
68953 acisfJ1044479m594354_001.1685 161.02851376605994 -59.6030911787883
126453 acisfJ1709441m442832_001.0027 257.3676713209985 -44.48788897200731
54083 acisfJ0906346p693002_001.0036 136.55482288832448 69.58842246618107
33263 acisfJ0449009p450024_001.0001 72.26440152000309 44.97919338484876
74966 acisfJ1105499m000241_001.0030 166.40297268813725 -0.014102664682724584
1642 acisfJ0020169p591803_001.0006 5.034730492054357 59.26112087704847
19823 acisfJ0234173m583147_001.0001 38.469924074198325 -58.60068154452908
108103 acisfJ1426580p325059_001.0015 216.82426861459516 32.88517643164651
114002 acisfJ1509588p570231_001.0150 227.44347093282454 57.000995668465244
21104 acisfJ0248150m033303_001.0020 42.10268675388365 -3.5286120364426776
17766 acisfJ0224371m000328_001.0051 36.16179963243872 -0.0016482909350075694
77505 acisfJ1119074m612849_001.0026 169.80957301489332 -61.46370601204989
98094 acisfJ1325536m385553_001.0003 201.39771726816693 -39.02540374874245
11486 acisfJ0117189m545738_001.0009 19.39561574461651 -55.00600433284906
105400 acisfJ1415232p520812_001.0048 213.69737710528923 52.149335148521864
62817 acisfJ1002520p325138_001.0006 150.68719767524783 32.80878329393601
33075 acisfJ0446512m483336_001.0005 71.6578248904899 -48.57623392935334
79038 acisfJ1131552p045518_001.0005 173.02241555075838 4.925230833451921
51285 acisfJ0834250m590957_001.0002 128.5482758043922 -59.187045857272295
5329 acisfJ0044100m203457_001.0112 11.091305130452227 -20.54355889308221
13510 acisfJ0137451m125345_001.0049 24.337100142442097 -12.740830692025844
13105 acisfJ0134330p303844_001.0073 23.6208128385759 30.713846780367234
81725 acisfJ1156289p550805_001.0001 179.11731924921335 55.12526079070086
100248 acisfJ1335236p405721_001.0011 203.8726276801562 40.97454104285803
61220 acisfJ1000592p020218_001.0018 150.24441851050406 2.019230862197223
126787 acisfJ1712213m382926_001.0108 258.10704799517305 -38.46612531870311
71269 acisfJ1045523m595714_001.0064 161.40487171022986 -60.003159875487654
124323 acisfJ1654012m395059_001.0051 253.4874524628631 -39.776811254334866
21988 acisfJ0301192p602958_001.0115 45.35916540230213 60.529005927589665
35397 acisfJ0521448m694028_001.0055 80.33111445339931 -69.71837860436402
115128 acisfJ1522278p274133_001.0035 230.5725069302568 27.683385303269784
61887 acisfJ1002009p015702_001.0059 150.42478854982068 1.90044751309496
89401 acisfJ1230334p122951_001.0015 187.58879058727146 12.445772422850442
101295 acisfJ1339569m313746_001.0223 204.9826674897471 -31.639858855072664
126388 acisfJ1708219p615428_001.0024 257.04678444384496 61.884715621908306
129983 acisfJ1725354m342336_001.0195 261.3933102772575 -34.3884117174349
124641 acisfJ1654554m440253_001.0128 253.53332890139376 -44.153095704894696
1414 acisfJ0018208p300539_001.0031 4.430941607217024 30.095397189113527
66346 acisfJ1032042p573715_001.0163 158.1046768237505 57.47067592634277
2480 acisfJ0028277m753549_001.0024 7.060961168649954 -75.5832803277076
107017 acisfJ1423029m393036_001.0003 215.75926864747365 -39.51189279844398
115899 acisfJ1539365p214611_001.0117 234.8013754387033 21.77987163807162
103710 acisfJ1403074p541615_001.0042 210.51472623225845 54.30838179573746
70419 acisfJ1044479m594354_001.0241 161.23077036051563 -59.738492592420535
20816 acisfJ0243263p372106_001.0039 40.81050417344619 37.32111014937149
46927 acisfJ0717442p374550_001.0060 109.36345002652563 37.697898091520145
114741 acisfJ1516441p070231_001.0495 229.1734077968328 7.029351813971669
55958 acisfJ0923315m231021_001.0007 140.90335562863706 -23.21550134940219
100692 acisfJ1337022m294947_001.0071 204.27502216793704 -29.866357943603937
28310 acisfJ0344298p320840_001.0106 56.1611695564661 32.14902858027421
24927 acisfJ0328329m214314_001.0029 52.20514252264714 -21.687128245413565
61230 acisfJ1000592p020218_001.0001 150.24542614049795 1.90008095155986
97537 acisfJ1322177m164249_001.0002 200.56514182249114 -16.732138960758117
12841 acisfJ0133504p303948_001.0406 23.450093219292015 30.60740778220343
134450 acisfJ1746319m283640_001.0002 266.63373695196896 -28.697087636635523
103420 acisfJ1359228p513743_001.0012 209.9577566658012 51.61270035268399
89771 acisfJ1230341p413914_001.0072 187.9888319655695 41.77121443485048
87780 acisfJ1226586p215515_001.0035 186.81936318556802 21.86643754770361
69147 acisfJ1043556m595939_001.0443 161.05548092228693 -59.91980060006395
77995 acisfJ1121032p530748_001.0016 170.17347742134064 53.083657697916756
69876 acisfJ1044479m594354_001.0692 161.1604983617901 -59.71612397348465
91134 acisfJ1237415p114842_001.0040 189.44364589494023 11.83692401902155
24524 acisfJ0325363p304458_001.0089 51.4396165577555 30.75940468455218
19817 acisfJ0232401p612718_001.0103 38.440921766586705 61.46493079409832
11005 acisfJ0111104m724351_001.0004 18.039529016209524 -72.82221301872657
59691 acisfJ0959407p021841_001.0074 149.87760683049922 2.338546409601078
15509 acisfJ0159535m084820_001.0024 30.16326157370783 -8.765085731160948
106791 acisfJ1420280p530201_001.0178 215.31960531145486 53.10187524486574
21975 acisfJ0301211m470714_001.0006 45.35181744927123 -47.1346512291509
31483 acisfJ0430141p351605_001.0114 67.48741702066124 35.32556455460631
27041 acisfJ0338485p153249_001.0003 54.685144076221796 15.48771419786767
62367 acisfJ1001554p024015_001.0019 150.53654952938953 2.6841675522305564
133809 acisfJ1745132m175719_001.0118 266.33050788350033 -17.96376003404277
99360 acisfJ1330107m313511_001.0004 202.5245191861044 -31.619429975399537
67762 acisfJ1043177p313052_001.0001 160.79899561381785 31.462532872471822
122040 acisfJ1636472p410135_001.0013 249.10608175373503 40.961515615198564
39053 acisfJ0535329m691615_001.0361 83.86679704809815 -69.26976627339448
109731 acisfJ1432586p335206_001.0011 218.18776736326416 33.95415043016021
90310 acisfJ1235388p123308_001.0071 188.90190074722892 12.550895936598144
49875 acisfJ0813300p254453_001.0018 123.3803598538059 25.750805862985988
135123 acisfJ1747543m291552_001.0008 266.9733122565274 -29.242485666645532
120715 acisfJ1623345m263255_001.0177 245.91317391189438 -26.498670734424564
108682 acisfJ1428411p354205_001.0011 217.28649555545823 35.70908749098111
76506 acisfJ1112543m261540_001.0075 168.25135700420762 -26.344396893429852
84277 acisfJ1216330p130207_001.0001 184.18377721739486 12.995183688299674
28108 acisfJ0344145p320536_001.0265 56.09022768368575 32.1771653250887
56961 acisfJ0940530m542830_001.0009 145.33473932989395 -54.520646761157806
48371 acisfJ0741079p202552_001.0004 115.28553651889328 20.42904176294347
109589 acisfJ1432310p333230_001.0048 218.10522444973094 33.636515598011364
1409 acisfJ0016206p791701_001.0005 4.362895547073581 79.25623219513565
116068 acisfJ1540046m031730_001.0020 235.05864982958803 -3.284895724479782
135104 acisfJ1747386m310549_001.0006 266.9531921702852 -31.03060651465897
86828 acisfJ1224564p212307_001.0003 186.24473356743158 21.390781337303075
17222 acisfJ0220056m050807_001.0041 35.05416325438537 -5.1248544605776924
125521 acisfJ1654142m414953_001.0319 253.7037952669415 -41.860702574900145
66548 acisfJ1033202p573715_001.0137 158.3977724969739 57.72642382565005
104462 acisfJ1403382m340030_001.0013 210.92329032819057 -33.97825397146161
49742 acisfJ0809429p281511_001.0007 122.46830914156897 28.240368988221515
121821 acisfJ1635027m471722_001.0011 248.78044691564105 -47.278118106973906
123466 acisfJ1647081m455044_001.0006 251.71958832559463 -45.89931929885207
135966 acisfJ1751150m303751_001.0015 267.80691565510125 -30.624033729788835
92615 acisfJ1248335m054908_001.0001 192.1231696581175 -5.9163508843223624
52646 acisfJ0853178p281425_001.0003 133.2581536042869 28.2685676152268
18917 acisfJ0226507p621601_001.0041 36.854443920128844 62.30861522984208
22048 acisfJ0301192p602958_001.0132 45.39639186014368 60.55001017210737
47781 acisfJ0727127p854526_001.0138 112.2315497528965 85.75256318968844
127006 acisfJ1714164p501508_001.0010 258.5615552400307 50.2584988076162
125859 acisfJ1701169m300433_001.0008 255.302422317551 -30.129609295804464
13844 acisfJ0142083m005044_001.0018 25.654823978435832 -0.7978755189404481
26703 acisfJ0338190m352538_001.0007 54.59130951858156 -35.49126475320524
136710 acisfJ1755243p663908_001.0016 268.864821797983 66.56883433943341
26418 acisfJ0337198m345928_001.0018 54.31329786514175 -34.942814607048696
70880 acisfJ1044479m594354_001.0613 161.29725405728877 -59.65089379717107
48495 acisfJ0742158m144324_001.0030 115.52245811248643 -14.707078369137866
128647 acisfJ1720534m354719_001.0046 260.13539863932095 -35.8365296493062
88582 acisfJ1229467p080030_001.0084 187.4320352379079 7.971612330805365
23332 acisfJ0317136p421949_001.0102 49.19702872646525 42.387256329769805
20252 acisfJ0240141p390459_001.0157 39.88953083532653 39.118067311210346
70725 acisfJ1045037m594052_001.0076 161.27271455892898 -59.691332545099506
109060 acisfJ1429571m591136_001.0017 217.53422838605326 -59.1848236228507
16904 acisfJ0218593p570702_001.0125 34.82653726582831 57.08225377216889
74823 acisfJ1105052p111523_001.0002 166.27415814460872 11.297441897679875
34248 acisfJ0456483m454430_001.0012 74.21954216681159 -45.703453849532124
39630 acisfJ0538549p261912_001.0042 84.78121848807324 26.323956788434536
111443 acisfJ1448428p042407_001.0019 222.1579596588953 4.4810889830059635
57940 acisfJ0955334p180840_001.0013 148.82343258492978 18.105619751703273
49309 acisfJ0800582p360439_001.0004 120.27557414574021 36.05464625672997
67557 acisfJ1040318m594953_001.0032 160.22259823829265 -59.82932623518042
133850 acisfJ1745256m312929_001.0002 266.34745316133404 -31.513687683866156
9037 acisfJ0102339m220844_001.0003 15.666017876006286 -22.264455667457348
131131 acisfJ1734173m291737_001.0003 263.6703204824826 -29.325218914418567
118462 acisfJ1609006p540934_001.0010 242.22691162937844 54.211399409654824
110782 acisfJ1438081p352952_001.0011 219.59780700584264 35.41068585215941
127750 acisfJ1719484m360858_001.0415 259.8851689483169 -36.21896215948626
110363 acisfJ1435192p350435_001.0037 218.88181673088587 35.097120242083705
118336 acisfJ1607398p544533_001.0009 241.99140430929612 54.84585148934335
16175 acisfJ0216360m174414_001.0028 34.11431525334369 -17.733202936119003
102238 acisfJ1349259p262747_001.0003 207.42230130387648 26.496114596183283
64075 acisfJ1012403m010621_001.0016 153.13816187877399 -1.0771764932500736
5303 acisfJ0044100m203457_001.0016 11.06152090503614 -20.652130719840116
63839 acisfJ1008311p114540_001.0017 152.13215570157928 11.764078495894417
34138 acisfJ0456088m511805_001.0045 74.01605319739234 -51.16934182515913
18946 acisfJ0227345p004152_001.0011 36.87571636900641 0.7926962420259777
77406 acisfJ1119074m612849_001.0042 169.69548948286015 -61.4420810372449
44014 acisfJ0631527p045544_001.0067 98.01775960309226 4.918317822784466
10932 acisfJ0111104m724351_001.0006 17.9007092833728 -72.78740444099627
54438 acisfJ0909206p105924_001.0008 137.36161405322514 10.940111092887879
96070 acisfJ1312153m624155_001.0253 197.9685686684957 -62.66216069326847
115606 acisfJ1532584p302100_001.0009 233.2120180964646 30.303537690059336
77875 acisfJ1120149p125904_001.0149 170.0816099033879 12.999351780651764
115276 acisfJ1524141p295502_001.0117 231.0789165407179 29.944252516967843
78268 acisfJ1122488p010554_001.0019 170.7264372017687 1.1144586302224104
81601 acisfJ1155458m014710_001.0003 178.90755197326698 -1.839128545022061
84047 acisfJ1215395p361722_001.0013 183.90937860692307 36.32251612357047
37826 acisfJ0535058m054048_001.0100 83.78427971165927 -5.6180354121240565
114355 acisfJ1510540p054547_001.0012 227.8906577850782 5.7629610695302045
63241 acisfJ1003598p423117_001.0007 151.04724307328215 42.53513659551062
18622 acisfJ0226475m044237_001.0058 36.676543543759706 -4.614754704740995
74156 acisfJ1057559m522648_001.0106 164.31167523420356 -52.35258707850947
115325 acisfJ1524141p295502_001.0108 231.14523068498895 29.89231751725103
78305 acisfJ1123220p013814_001.0030 170.8013585732587 1.6148328090990605
29237 acisfJ0359432m673813_001.0070 59.8479459227307 -67.65853430413621
52392 acisfJ0850143p451320_001.0079 132.66300168714466 45.17537221529822
86529 acisfJ1224310p072006_001.0120 186.11702365708186 7.338517432833608
19683 acisfJ0232401p612718_001.0358 38.22351599840291 61.47310677542044
13592 acisfJ0137451m125345_001.0044 24.474040232909722 -12.79418792129842
104331 acisfJ1403303p542109_001.0060 210.86121573776427 54.37248282182349
51186 acisfJ0830511p655055_001.0155 127.91965315690562 65.95752842974838
123920 acisfJ1651278p350340_001.0002 252.76813639915886 35.074341800022964
111393 acisfJ1447104p092116_001.0010 221.872716132404 9.273151077411873
121523 acisfJ1630339p401202_001.0030 247.6530517513081 40.131367320073636
18113 acisfJ0225395p620537_001.0130 36.412636526400824 62.095734084937995
33452 acisfJ0454025p025034_001.0066 73.44007320736516 2.901527575085366
82538 acisfJ1201548m185204_001.0297 180.47083001693323 -18.86735966734624
115450 acisfJ1531405p240443_001.0021 232.9246253674235 24.079247352878202
15949 acisfJ0209372m101221_001.0028 32.49460451006544 -10.21538192881687
52435 acisfJ0851076p521215_001.0033 132.7672297948566 52.255273151420674
62335 acisfJ1001554p024015_001.0026 150.5277994726949 2.7081698897999518
68893 acisfJ1043559m593241_001.0804 161.0209993177866 -59.50744825831404
105377 acisfJ1415232p520812_001.0291 213.66290596035455 52.1045426773579
86132 acisfJ1222582p154753_001.0014 185.7433121521882 15.738258008683905
2359 acisfJ0027425p050306_001.0004 6.819047116737932 4.935444075639602
126968 acisfJ1714326m292751_001.0264 258.5131116806811 -29.409708813319362
73069 acisfJ1048174p123757_001.0070 162.13687410039228 12.670111222997587
47341 acisfJ0718440m245718_001.0423 109.70577425395493 -25.08487522320332
8742 acisfJ0102337m213326_001.0110 15.554428935606046 -21.522171598340336
39572 acisfJ0538549p261912_001.0013 84.6718790756238 26.26254829727194
1191 acisfJ0015099m391312_001.0017 3.7410442757354105 -39.26557772600089
113564 acisfJ1506226p013603_001.0030 226.65599413068182 1.585865081465105
30136 acisfJ0414376p053407_001.0039 63.68658048687567 5.590195689184648
29859 acisfJ0410583m312458_001.0165 62.74417891653962 -31.477932666537946
65869 acisfJ1026597p174905_001.0026 156.70424533247706 17.83926313967284
111652 acisfJ1449448p090130_001.0080 222.43548577371018 8.979795668194038
74899 acisfJ1105062m585043_001.0299 166.33713183833495 -58.912515604840316
46885 acisfJ0717442p374550_001.0027 109.327358529995 37.76785233864472
100417 acisfJ1336552m295344_001.0451 204.19148557992025 -30.00041752856317
40347 acisfJ0543203p692926_001.0018 85.95780381672714 69.48791899013152
43714 acisfJ0631527p045544_001.0116 97.95003465929987 4.9520245016035425
86427 acisfJ1224310p072006_001.0035 186.10151421470155 7.31085797742245
117493 acisfJ1558226m140844_001.0013 239.5437206044239 -14.140438938409817
40369 acisfJ0546195m534732_001.0016 86.27549234980788 -53.758812670906956
29900 acisfJ0411084p511006_001.0002 62.81251827021726 51.111814136617326
129795 acisfJ1725354m342336_001.0349 261.31532879174915 -34.41231444687375
93812 acisfJ1254543p084707_001.0004 193.7817079304565 8.725661578012623
80619 acisfJ1148470m272230_001.0003 177.17073983148518 -27.427680034160318
85983 acisfJ1221556p300433_001.0005 185.5809642402643 30.06139912793372
43977 acisfJ0631564p045625_001.0116 98.00507156565749 4.899464586847772
77263 acisfJ1118424p402517_001.0018 169.50959998694282 40.459233231985614
134754 acisfJ1747080m290945_001.0015 266.81586895425994 -29.08432483368185
2930 acisfJ0035515p011250_001.0020 8.93458793192047 1.2469175186617234
63934 acisfJ1010148m124103_001.0147 152.5083655923307 -12.600670762062858
61525 acisfJ1001292p015934_001.0004 150.3273014138675 1.9285230138784695
59783 acisfJ0959392p024358_001.0034 149.8958701630045 2.7836952816112395
10591 acisfJ0107381m721504_001.0012 17.03702113784954 -72.23448429536711
72573 acisfJ1047473p123348_001.0275 161.9565602131448 12.581629828325354
86388 acisfJ1224332m184638_001.0015 186.0866691086944 -18.75614773901278
61377 acisfJ1000327p023059_001.0155 150.29263342166234 2.5451347301832983
64238 acisfJ1016214m333352_001.0029 154.2270488407041 -33.55797310417291
57633 acisfJ0951225p263456_001.0006 147.8129286722432 26.55559768572352
26776 acisfJ0338424m353243_001.0022 54.61044811175505 -35.57957517599189
82823 acisfJ1203577m035834_001.0001 181.0353301493017 -3.9090521763506776
77944 acisfJ1120487p232410_001.0075 170.12887220829901 23.420149746129212
94391 acisfJ1258596p345455_001.0029 194.7595985525 34.94575913562964
8817 acisfJ0101492m220327_001.0110 15.589048577053685 -22.040546882401586
7277 acisfJ0056225p003224_001.0011 14.02707859834922 0.567290828262889
46221 acisfJ0659003m555413_001.0047 104.90279651159003 -55.84395478160596
97887 acisfJ1324539p362259_001.0033 201.2757618004366 36.25111753888957
6766 acisfJ0052458m724208_001.0032 13.35380493796078 -72.66149753240582
74541 acisfJ1103131p110510_001.0015 165.80129224610738 11.077293282605762
98866 acisfJ1329303p114619_001.0013 202.3460419029827 11.764472710302831
58520 acisfJ0958113p014325_001.0005 149.54531758363748 1.667938204779123
1947 acisfJ0022333p002037_001.0052 5.63632550927035 0.45061761781020315
110013 acisfJ1433585p332824_001.0026 218.57590238889475 33.49093667007983
131841 acisfJ1740080m281229_001.0008 265.10367492087755 -28.211875920970233
114029 acisfJ1509588p570231_001.0050 227.47191089808814 57.09661121424191
133837 acisfJ1745223m295742_001.0049 266.3398079874729 -29.93549348617039
3143 acisfJ0037566m504454_001.0032 9.390426849990021 -50.74769983705519
54001 acisfJ0903333p011221_001.0010 135.9368203276221 1.2135044542735336
99864 acisfJ1333028p502819_001.0028 203.2231987947578 50.340215127240384
4507 acisfJ0042454p411652_001.0341 10.684479179628688 41.27053447570504
37667 acisfJ0535165m052323_001.3064 83.76631484264149 -5.469165900649274
131777 acisfJ1740149m284416_001.0002 265.0718169284594 -28.730414442216045
112348 acisfJ1456032m684332_001.0016 223.98344641426092 -68.74162169173225
66006 acisfJ1027506m435441_001.0033 157.02662428841248 -43.873839574207715
32857 acisfJ0442255p020006_001.0016 70.63176487574235 2.016520762255431
105590 acisfJ1416259p521959_001.0063 213.92547463810214 52.3686598797616
114089 acisfJ1510236p704610_001.0009 227.5246612252206 70.72177807071236
134104 acisfJ1745459m283011_001.0136 266.4479378458248 -28.5540223269994
129856 acisfJ1725354m342336_001.0348 261.36754910259214 -34.413471144589494
114889 acisfJ1518330p020235_001.0019 229.63858738723928 2.0770465171966075
103426 acisfJ1359589p622935_001.0121 209.99241818302795 62.387859629458575
33449 acisfJ0453544p025336_001.0077 73.43585073749462 2.988987869366288
94697 acisfJ1300386p022949_001.0013 195.22460109346494 2.548907383004372
51627 acisfJ0840490p131255_001.0083 130.1861811388498 13.120416337816279
50944 acisfJ0828050p265646_001.0012 126.97631072051881 26.994007053900244
26232 acisfJ0336485m280237_001.0016 54.1505297296687 -28.073639427799435
99107 acisfJ1330038p471057_001.0216 202.47223453170292 47.21197272936129
123021 acisfJ1640322m462336_001.0009 250.12469314579278 -46.41840564159923
14332 acisfJ0151337m595708_001.0048 27.639671582207082 -59.87113127147493
77220 acisfJ1117249p174143_001.0005 169.39194477161934 17.683325250560994
107056 acisfJ1423469p240327_001.0074 215.7993016925168 23.99510308304915
45532 acisfJ0645235p212207_001.0010 101.34040962747275 21.404249937226723
94155 acisfJ1258005p272155_001.0146 194.40342055749446 27.470522959369724
92610 acisfJ1248211p082849_001.0021 192.1185660751837 8.520219799400783
20707 acisfJ0241053m081321_001.0093 40.30374854537572 -8.157547439684093
117601 acisfJ1600043p413036_001.0012 240.0650634824204 41.452769601321556
112862 acisfJ1501069p225001_001.0016 225.23088574074708 22.839893883544118
47729 acisfJ0728156p750620_001.0023 111.96050892267372 75.10547963166725
40950 acisfJ0547141m452909_001.0002 86.82011861896726 -45.546463953340556
91571 acisfJ1240579p111119_001.0005 190.26108848940083 11.164638935894148
7504 acisfJ0057179m272220_001.0006 14.332507472814578 -27.343322948215366
92208 acisfJ1243560p162227_001.0002 190.9949376037826 16.341010994656536
91877 acisfJ1241512p411627_001.0125 190.6328936858371 41.22889666438255
31028 acisfJ0422071p191554_001.0004 65.5146405797353 19.260449206085443
113033 acisfJ1501253p422030_001.0020 225.32348550229366 42.26413209526818
126344 acisfJ1705084m224223_001.0009 256.3484139452813 -22.720586938839503
104697 acisfJ1406429p341238_001.0048 211.58256787957208 34.25789963952407
52607 acisfJ0852259p332841_001.0039 133.17182130244328 33.35865426804757
6758 acisfJ0054047p730502_001.0016 13.332447559042075 73.0171423199668
64157 acisfJ1016188m585824_001.0059 153.94865088598786 -58.98098780204124
109674 acisfJ1432264p325010_001.0049 218.16048376796834 32.83487879297587
109822 acisfJ1432586p330312_001.0006 218.27318413711393 33.06994038617362
31584 acisfJ0430141p351605_001.0160 67.56674128223152 35.329349275480475
63039 acisfJ1002568p015147_001.0010 150.7931863997231 1.8357912826801954
36354 acisfJ0524097m243140_001.0005 81.04889629535207 -24.524953093801816
75278 acisfJ1107305m052319_001.0131 166.78904751205917 -5.454616485851298
82434 acisfJ1201548m185204_001.0240 180.43179449511214 -18.815903142917932
49340 acisfJ0801544p441308_001.0008 120.45795030912278 44.23153064695333
38819 acisfJ0535165m052323_001.0652 83.84352585364508 -5.366911684349487
1693 acisfJ0020040p591645_001.0036 5.06224652652171 59.3150142686007
61166 acisfJ1001109p023517_001.0005 150.23208539002863 2.519153815535485
30967 acisfJ0421566p152929_001.0005 65.41671352381356 15.454081073962088
102512 acisfJ1350550p600510_001.0030 207.76399131342058 60.13265094048663
64208 acisfJ1016214m333352_001.0003 154.11090856708336 -33.58343576120414
91702 acisfJ1242017p113832_001.0033 190.4860151158561 11.644558287878825
43089 acisfJ0621489m271302_001.0023 95.45722348452958 -27.24665751643028
101668 acisfJ1344044m271353_001.0044 206.17959328534957 -27.275358874512342
60457 acisfJ0959598p020826_001.0054 150.05942745689143 2.1123096802282206
56623 acisfJ0935507p612036_001.0011 143.90317075533972 61.32102397838013
126839 acisfJ1712268m232325_001.0365 258.1434894782211 -23.50636983069006
14287 acisfJ0149317m004750_001.0016 27.308883444735667 -0.7363868882646543
24774 acisfJ0327539p023507_001.0134 51.95514331770724 2.701873615643683
48645 acisfJ0744170p375242_001.0005 116.06188012471787 37.94606350368254
53455 acisfJ0859271m434510_001.0383 134.81659563284487 -43.671751993180564
113366 acisfJ1505090m433008_001.0001 226.40755534829196 -43.61288987309859
61004 acisfJ1000299p020542_001.0033 150.19346352676826 2.131867725224042
19728 acisfJ0232401p612718_001.0203 38.26359132092189 61.38391748789256
107434 acisfJ1425148p345312_001.0006 216.3189601313432 34.87959756820633
33780 acisfJ0454166p025239_001.0062 73.56475517920695 3.026027598463784
81527 acisfJ1155058p233000_001.0027 178.7935526278099 23.518307203821358
113684 acisfJ1508418p332745_001.0001 227.05998699146005 33.356372955962385
71292 acisfJ1045185m601152_001.0039 161.4102610723682 -60.217969300314806
131372 acisfJ1737095m281840_001.0002 264.1827481059267 -28.35610654117789
121213 acisfJ1627179m243424_001.0040 246.86870363227763 -24.45585707565038
80856 acisfJ1149256p514905_001.0004 177.42598195939732 51.76754135145672
24452 acisfJ0324277m623853_001.0093 51.08570187678563 -62.51308017222357
18535 acisfJ0226325p620017_001.0090 36.645124164782644 62.018159546051415
624 acisfJ0009577m245747_001.0069 2.488773265261181 -24.96166091351707
1101 acisfJ0014206m302107_001.0022 3.658832666719789 -30.2737447965432
86350 acisfJ1224332m184638_001.0016 186.07217312636436 -18.750345907915012
119463 acisfJ1615319p192749_001.0016 244.00689917527328 19.44505678795115
95777 acisfJ1310569m031149_001.0122 197.68318392882958 -3.2920330377030997
95415 acisfJ1306221p674233_001.0021 196.6685443560019 67.77442617552343
81413 acisfJ1153510p113631_001.0014 178.49953278072883 11.647000403696383
32779 acisfJ0441478m011825_001.0004 70.4477962304477 -1.293877954650703
121372 acisfJ1628413m352238_001.0004 247.15366742848343 -35.436940355541374
16194 acisfJ0216360m174414_001.0018 34.14373201271335 -17.769908340606133
66020 acisfJ1028363m581730_001.0002 157.125891665963 -58.34536682065824
34344 acisfJ0500137m701130_001.0032 74.82889109382724 -70.19054673866826
17661 acisfJ0224076m041420_001.0071 36.04624446419479 -4.277003530896905
105412 acisfJ1415060m002912_001.0045 213.72798504633016 -0.3972902644061693
70513 acisfJ1044493m602600_001.0048 161.24297000460572 -60.38977185669462
106382 acisfJ1419487p060708_001.0014 214.95273812483654 6.1514699194323175
71870 acisfJ1045523m595714_001.0023 161.64701475985513 -60.03648662108095
14712 acisfJ0153056m134345_001.0009 28.25170539891116 -13.782065907619673
136064 acisfJ1752299m292027_001.0003 268.08158989284215 -29.352743604117087
121518 acisfJ1630322p453442_001.0106 247.63469451545924 45.70314135742714
62099 acisfJ1002011p024744_001.0070 150.4751994833765 2.823920885536723
125400 acisfJ1654142m414953_001.0709 253.64645860767993 -41.815946781268266
68557 acisfJ1043559m593241_001.0093 160.98342148295208 -59.59291356070544
51141 acisfJ0830511p655055_001.0012 127.84807569049067 65.79734785818547
103756 acisfJ1403073p542158_001.0068 210.55892662100763 54.38554953894158
23620 acisfJ0317147m410840_001.0024 49.34401955751197 -41.13758216103868
22047 acisfJ0301192p602958_001.0102 45.39547509740774 60.51855621817669
46240 acisfJ0702072p251320_001.0008 105.51667428973386 25.273153178253036
46954 acisfJ0717248p374836_001.0016 109.39669169758866 37.76180446627531
12282 acisfJ0129060m733211_001.0188 22.25250918245349 -73.61446949242738
35048 acisfJ0517017m515955_001.0208 79.29286024844768 -51.95718261914221
821 acisfJ0012176p502517_001.0005 3.023701187311261 50.47164068297616
47874 acisfJ0732337p314033_001.0009 113.10201713129538 31.70546684559981
107253 acisfJ1424337m491331_001.0014 216.08313838593455 -49.25337772754999
24398 acisfJ0322360m371302_001.0055 50.72310957282956 -37.20286026569347
19001 acisfJ0227433p281340_001.0009 36.944073139249845 28.275062338377662
4189 acisfJ0042395p405246_001.0048 10.604327733805269 40.95534099334309
133605 acisfJ1744522p155013_001.0015 266.2162113522949 15.889958281337647
24723 acisfJ0327188m532936_001.0058 51.85144359732787 -53.55370588620577
130907 acisfJ1732532m371142_001.0003 263.229954571011 -37.19631713257356
51772 acisfJ0841357p010153_001.0007 130.44653470299846 1.0276768306041988
27133 acisfJ0339053m262010_001.0017 54.718691207208664 -26.34997288202185
86420 acisfJ1224332m184638_001.0021 186.10002802780951 -18.73458548348594
117263 acisfJ1556030p662334_001.0013 238.99066108873245 66.33472209288924
38272 acisfJ0535165m052323_001.0150 83.81449658509136 -5.456292140125372
134598 acisfJ1747001m282627_001.0030 266.7348238866141 -28.504855368136777
58882 acisfJ0958203p020845_001.0064 149.64586237682144 2.1713737772290553
107947 acisfJ1426580p325059_001.0007 216.7238710872795 32.763665126085534
21735 acisfJ0259296p134347_001.0003 44.84420108830164 13.706197076612597
61643 acisfJ1001183p015203_001.0010 150.36590976908238 1.8292505233192216
135440 acisfJ1749087m291150_001.0006 267.2997452365379 -29.21606623730642
54186 acisfJ0907341p164101_001.0038 136.87270016013736 16.675545955127774
114718 acisfJ1516436p070113_001.0090 229.10067106912877 7.056913522333727
56253 acisfJ0927121p294327_001.0007 141.8842039002205 29.70189859765244
1528 acisfJ0018327p163000_001.0074 4.698067964375875 16.558359479633392
128436 acisfJ1720534m354719_001.0587 260.0739639226798 -35.77824238181782
114398 acisfJ1512073p570739_001.0009 227.99404414212685 57.164033684139184
77116 acisfJ1116567p180623_001.0031 169.2311716583257 18.07687115959938
106604 acisfJ1420280p530201_001.0004 215.14505065960864 52.893276853172345
128052 acisfJ1720004m355622_001.0107 259.9871994546445 -35.94017299189415
6341 acisfJ0049250m724422_001.0004 12.579844019369183 -72.7342257931675
34227 acisfJ0455504m662628_001.0329 74.19458781007215 -66.41289560892776
69091 acisfJ1043559m593241_001.0870 161.04899555164067 -59.485117265308
11023 acisfJ0112050p492826_001.0045 18.08922562555742 49.503366425242305
52913 acisfJ0854485p200647_001.0002 133.69185479091018 20.07643505453865
20254 acisfJ0239109p300701_001.0006 39.89497614076158 30.19105501395439
45287 acisfJ0643069m741439_001.0030 100.77008453500393 -74.22863258642872
118655 acisfJ1610278p130758_001.0002 242.61419838958548 13.135219819108492
95514 acisfJ1307256p363920_001.0017 196.85808494618405 36.65321390033442
102178 acisfJ1349090p040503_001.0004 207.27835800480025 4.019198329898548
9800 acisfJ0103585m214217_001.0020 15.957489381664955 -21.774100502678493
15515 acisfJ0200537m092425_001.0037 30.170361325000698 -9.51991125520946
2908 acisfJ0035137m432124_001.0037 8.916809639517533 -43.36727198636542
35 acisfJ0000352m574823_001.0088 0.22880771163834956 -57.64796698373676
86794 acisfJ1225072p125407_001.0100 186.21050357062697 12.898337011486234
36206 acisfJ0522499p332815_001.0686 80.76986476276225 33.44281366438303
58499 acisfJ0958113p022636_001.0021 149.53748104376416 2.4609882320179475
125261 acisfJ1654142m414953_001.0814 253.61483497060001 -41.802778771260684
35878 acisfJ0522499p332815_001.0167 80.70942476592741 33.42125583334964
16520 acisfJ0218593p570702_001.0478 34.70483108385332 57.152576510171656
8858 acisfJ0101552m213452_001.0026 15.601305148986793 -21.607537999417495
125402 acisfJ1654142m414953_001.0446 253.64685396640354 -41.844975045872225
132633 acisfJ1741575m205407_001.0036 265.52768341419466 -20.871948706011576
119298 acisfJ1615319p192749_001.0054 243.8493764277478 19.45600921476907
1886 acisfJ0021330p004254_001.0006 5.358293463403477 0.7528685860608841
25096 acisfJ0329239p394656_001.0073 52.349499596035564 39.79219075450334
38037 acisfJ0535165m052323_001.0877 83.8024374400447 -5.3292250983425635
100193 acisfJ1335236p405721_001.0008 203.77139648041424 40.9467849506636
41214 acisfJ0553178m334219_001.0022 88.27402523116835 -33.66408168678194
122704 acisfJ1640322m462336_001.0050 249.9936680098296 -46.40983341237963
136910 acisfJ1756206m215721_001.0015 269.1275784778577 -21.974974572372222
121985 acisfJ1635504m470830_001.0003 249.02364483356888 -47.14475671708581
20618 acisfJ0241053m081321_001.0011 40.210073890890435 -8.269652746407239
395 acisfJ0006127p105319_001.0013 1.5261644031497934 10.969232792272338
75389 acisfJ1108471m771553_001.0007 167.16243237009374 -77.26776139605657
94818 acisfJ1301495p042010_001.0013 195.42641689134922 4.403644929915207
71157 acisfJ1045523m595714_001.0099 161.36461724852532 -59.98382350122401
6123 acisfJ0048461p315712_001.0045 12.29625700382308 32.011868110698465
37926 acisfJ0535165m052323_001.0010 83.79410183005108 -5.55390923269072
52594 acisfJ0853302p511837_001.0112 133.1606314695033 51.31044537086964
25127 acisfJ0329475m021243_001.0073 52.387420697302396 -2.156402508788695
24707 acisfJ0326548m004243_001.0044 51.82605284348129 -0.6833874318441815
54404 acisfJ0909413m094325_001.0006 137.31990711419402 -9.806195112363277
135448 acisfJ1749273m292803_001.0013 267.30287913463104 -29.443303931439118
67447 acisfJ1040318m594953_001.0010 160.06294304119575 -59.89192804786454
37684 acisfJ0535058m054048_001.0066 83.76808920157112 -5.678224264032114
104643 acisfJ1405104p533755_001.0006 211.25010964550802 53.637079878719994
48729 acisfJ0744392p392922_001.0015 116.24083513065908 39.398085168512196
79958 acisfJ1143558p195719_001.0020 175.9994572266223 19.946869954559432
107158 acisfJ1423469p240327_001.0045 215.93533512852125 24.123164475507995
131798 acisfJ1740199p095918_001.0053 265.07997798050826 9.973855243743328
41579 acisfJ0603193p421355_001.0010 90.8100091619046 42.18974828073329
54637 acisfJ0910397p541958_001.0056 137.62886493232028 54.321087810401636
117767 acisfJ1602340p015744_001.0018 240.63241598910056 1.9787323556393077
53526 acisfJ0859271m434510_001.0033 134.8435499304871 -43.779642316732634
45943 acisfJ0656036m523638_001.0059 103.98928428671616 -52.77257452287327
40057 acisfJ0541463m015511_001.0132 85.42877565851951 -1.8880181703848322
75302 acisfJ1107215m052456_001.0012 166.83256182182717 -5.452545716029734
99888 acisfJ1332592p502723_001.0019 203.25150877981216 50.39344637574831
107450 acisfJ1425148p333952_001.0011 216.32972961900452 33.562979238319414
17879 acisfJ0225395p620537_001.0370 36.298905157362086 62.115192028095045
14035 acisfJ0145495m043207_001.0082 26.407383685101944 -4.567305930055436
96777 acisfJ1315397p420139_001.0001 198.93283631825847 41.986354830717275
20701 acisfJ0241053m081321_001.0003 40.29202330487008 -8.287006255651772
84015 acisfJ1215333m385838_001.0004 183.88467187742 -38.98439614589994
71627 acisfJ1045523m595714_001.0881 161.53320351471834 -59.86175072170679
53676 acisfJ0859469p274609_001.0015 134.88143576055583 27.79036781118691
70312 acisfJ1044406m592139_001.0075 161.21593736913638 -59.41143411759988
38440 acisfJ0535165m052323_001.2093 83.82235058534874 -5.384641318931039
95514 acisfJ1307256p363920_001.0017 196.85808494618405 36.65321390033442
32030 acisfJ0436283m025003_001.0031 69.1111865935043 -2.789169679014431
131445 acisfJ1737339m285509_001.0006 264.45901336087604 -28.894476627285886
135131 acisfJ1747568m295948_001.0091 266.9787504363364 -29.952452149924863
81654 acisfJ1155477p232545_001.0094 178.95878393727023 23.48814090119018
103696 acisfJ1401431m113929_001.0016 210.49073701020933 -11.658075149413088
119080 acisfJ1613372m605201_001.0022 243.39734171351722 -60.86153293987035
105220 acisfJ1413120m652011_001.0035 213.2988867013525 -65.36993688345355
82239 acisfJ1200237m010617_001.0017 180.10743105115114 -1.0854876870864105
68926 acisfJ1044088p585604_001.0057 161.02604834280626 58.98735928798848
68615 acisfJ1043557p114108_001.0046 160.9879174502638 11.713401167039466
60812 acisfJ1000261p441047_001.0005 150.1364891441393 44.180152224657256
62847 acisfJ1002343p021933_001.0023 150.7039305258946 2.369907585711092
43708 acisfJ0631527p045544_001.0019 97.94908113453057 4.87329715683861
7601 acisfJ0057502p302038_001.0055 14.453723601466844 30.352440955584097
32622 acisfJ0440366p502741_001.0062 70.23628120567766 50.460769588416895
107015 acisfJ1422428p532536_001.0081 215.75452565310783 53.553271934825986
103588 acisfJ1401074p025432_001.0015 210.29680860018087 2.9147979987791612
16781 acisfJ0218593p570702_001.0213 34.78631906815091 57.105646082472184
137155 acisfJ1758293p663826_001.0036 269.55451549851165 66.74073059282354
51507 acisfJ0838035p540652_001.0002 129.53044946863957 54.06925792074606
92975 acisfJ1249155m411720_001.0012 192.4256674053726 -41.28091384083523
54929 acisfJ0912029p532023_001.0063 138.0112090900383 53.29603737329377
88 acisfJ0001064m250029_001.0013 0.31743686916054475 -25.035586489711324
80635 acisfJ1148314m621015_001.0028 177.1866420099666 -62.112661969952065
68650 acisfJ1043557p114108_001.0074 160.99065362084744 11.752181788980947
39114 acisfJ0535165m052323_001.0244 83.87675842108472 -5.427352697114701
73855 acisfJ1052487p572715_001.0013 163.38244142518013 57.41504599047217
70468 acisfJ1044493m602600_001.0153 161.2375797305314 -60.503710131303976
100424 acisfJ1337022m294947_001.0045 204.20124082407764 -29.879044711333144
109221 acisfJ1431152p332840_001.0004 217.7891596190743 33.43194391502265
83513 acisfJ1210565p511255_001.0009 182.61107302228743 51.23812689995766
131111 acisfJ1734367p640450_001.0028 263.61362431500356 64.16155249835276
133178 acisfJ1744211m292612_001.0303 266.02935317140685 -29.416347992928298
45655 acisfJ0650530p413103_001.0105 102.63406618308402 41.50737256156584
69968 acisfJ1044406m592139_001.0210 161.17279758033115 -59.36998336887659
93429 acisfJ1253075m091109_001.0065 193.2662463889914 -9.135945221269049
65760 acisfJ1024472m183826_001.0016 156.25127251304914 -18.650689690044427
78332 acisfJ1123220p013814_001.0029 170.82032627567676 1.6133702672502892
120325 acisfJ1621327p381038_001.0049 245.42563177078625 38.11599346859303
48461 acisfJ0741516m144409_001.0034 115.47364489060094 -14.7560165080846
53555 acisfJ0859271m434510_001.0040 134.852725520687 -43.77442903483698
13401 acisfJ0136403p154817_001.0019 24.172368895883356 15.780781009556502
48291 acisfJ0739283p702339_001.0005 114.86150724423214 70.32306855977448
88727 acisfJ1229490p132618_001.0037 187.4416168687877 13.436043114419485
123880 acisfJ1650456m434127_001.0007 252.65941138674208 -43.59839212362949
75562 acisfJ1110115m373308_001.0050 167.54565583181002 -37.47821249235222
121062 acisfJ1627002p432656_001.0009 246.6893260616657 43.473246304071644
114849 acisfJ1518063p424434_001.0011 229.52180199557395 42.74947965846287
12120 acisfJ0125509m012032_001.0031 21.50151265130266 -1.3534602290840354
100439 acisfJ1336552m295344_001.0047 204.20876642783915 -29.885857655709703
96037 acisfJ1311441p220208_001.0021 197.94248404001232 22.104463268483034
76017 acisfJ1111516m611830_001.0143 167.97366855147322 -61.30229614415602
20124 acisfJ0236389p593856_001.0098 39.19370611452696 59.675483067725644
99682 acisfJ1331335p110859_001.0017 202.9243510426799 11.157628827559764
37886 acisfJ0535165m052323_001.0965 83.791686781202 -5.304524199592581
107126 acisfJ1423342p453636_001.0004 215.8965788409888 45.53801672891511
3082 acisfJ0036525m333326_001.0113 9.267299844632674 -33.56234114278874
84660 acisfJ1219216p054902_001.0041 184.87716094207246 5.835560917023876
578 acisfJ0009364m321626_001.0012 2.4134701061763755 -32.31405573601329
22078 acisfJ0301211m470714_001.0001 45.42530890761235 -47.1973567995217
52622 acisfJ0853302p511837_001.0096 133.19950750185947 51.28803946809697
90337 acisfJ1235416p263157_001.0004 188.90575321151218 26.48015554962523
73430 acisfJ1049143m531902_001.0040 162.37581046591677 -53.27651926640854
70864 acisfJ1044479m594354_001.0549 161.2950300748896 -59.676674953209385
132902 acisfJ1743231m292120_001.0033 265.85818474785145 -29.299167520622717
104296 acisfJ1402596p542251_001.0371 210.8542216622593 54.50716582890145
43722 acisfJ0631564p045625_001.0165 97.95298108971798 4.922536235534094
116081 acisfJ1540495p661320_001.0005 235.07676760853317 66.12018256782788
6971 acisfJ0055096m373843_001.0004 13.709846222226444 -37.64709778047813
124979 acisfJ1654142m414953_001.1300 253.57478334029267 -41.920930940828015
118673 acisfJ1610203p543324_001.0052 242.6478147079561 54.59983393663458
37388 acisfJ0535165m052323_001.3083 83.70439540679179 -5.469165299762668
27792 acisfJ0342165m352340_001.0080 55.50621987892545 -35.37024379840056
70362 acisfJ1044479m594354_001.0225 161.22394872161348 -59.740530816458126
135595 acisfJ1749490m294414_001.0018 267.4588756459974 -29.70870201428251
424 acisfJ0005517m000621_001.0010 1.5943127659596525 -0.07361126201446377
130043 acisfJ1725354m342336_001.0236 261.41314449579664 -34.37847966053037
11890 acisfJ0123363p331535_001.0034 20.968920193827596 33.30362429912149
124179 acisfJ1654142m414953_001.0651 253.43874151590916 -41.822896156920216
128246 acisfJ1720004m355622_001.0298 260.02602157074716 -35.86280347266559
129463 acisfJ1724433m341212_001.0303 261.1605337756836 -34.166445240309095
19072 acisfJ0228336p003318_001.0036 37.07841267851851 0.5427146863463761
43551 acisfJ0631527p045544_001.0001 97.83699681758267 4.834385489944321
58784 acisfJ0958172m110546_001.0029 149.6163466379286 -11.073976880734405
117092 acisfJ1552132m562012_001.0019 238.1048247548083 -56.327405911851265
115404 acisfJ1529185m561005_001.0004 232.14940133731005 -56.19583744548008
23221 acisfJ0313451p044637_001.0018 48.431403951703025 4.798566751076526
112700 acisfJ1459269m181156_001.0052 224.85683930493266 -18.312162995247395
101560 acisfJ1343304p000202_001.0013 205.88487620838148 0.0297676335707419
85137 acisfJ1220015p291707_001.0149 185.0262764845558 29.287473204228395
120387 acisfJ1621522p151846_001.0006 245.48325801215236 15.303411071031926
703 acisfJ0011288m285048_001.0025 2.8718594446534835 -28.9397468110514
118179 acisfJ1606121p000039_001.0034 241.5385058231 0.019485992150087315
126474 acisfJ1709441m442832_001.0011 257.4007293621744 -44.53549791316906
63363 acisfJ1004338p411243_001.0081 151.21688712232134 41.27151749688362
6150 acisfJ0049480p321610_001.0202 12.353453011981157 32.37430188161441
31879 acisfJ0432370m031225_001.0039 68.15902198070405 -3.1457123188275795
4373 acisfJ0047032p851515_001.0039 10.66507924153769 85.28046250538473
126677 acisfJ1712213m382926_001.0160 258.05004900577393 -38.517867559698146
1404 acisfJ0016206p791701_001.0029 4.271570080056821 79.40594139839536
